19,8
19,7
19,6
19,5
19,4
19,3
19,2
19,1
18,5
18,4
18,3
18,2
18,1
17,103
17,102
17,99
17,98
17,97
17,96
17,95
17,94
17,93
17,92
17,91
17,90
17,89
17,88
17,87
17,86
17,85
17,84
17,83
17,82
17,81
17,80
17,79
17,78
17,77
17,76
17,75
17,74
17,73
17,72
17,71
17,70
17,69
17,68
17,67
17,66
17,65
17,64
17,37
17,36
17,35
17,34
17,33
17,32
17,31
17,30
17,29
17,28
17,27
17,26
17,25
17,24
17,23
17,22
17,21
17,20
17,19
17,18
17,17
17,15
17,14
17,13
17,12
17,11
17,10
17,7
17,6
17,5
17,4
17,3
17,2
17,1
16,4
16,3
16,2
16,1
15,8
15,7
15,6
15,5
15,4
15,3
15,2
15,1
14,5
14,4
14,3
14,2
14,1
13,4
13,3
13,2
13,1
12,5
12,4
12,3
12,2
12,1
11,5
11,4
11,3
11,2
11,1
10,5
10,4
10,3
10,2
10,1
9,5
9,4
9,3
9,2
9,1
8,6
8,5
8,4
8,3
8,2
8,1
5,8
5,7
5,6
5,5
5,4
5,3
5,2
5,0
4,3
3,44
3,43
3,42
3,41
3,40
3,39
3,38
3,37
3,36
3,35
3,34
3,33
3,32
3,31
3,30
3,29
3,28
3,27
3,26
3,25
3,24
3,23
3,22
3,21
3,20
3,19
3,18
3,17
3,16
3,15
3,14
3,13
3,12
3,11
3,10
3,9
3,8
3,7
3,6
3,5
3,4
3,3
3,2
3,0
19,9
20,1
20,3
20,4
20,6
21,1
21,3
21,5
22,1
22,3
22,4
23,1
23,3
23,4
24,1
24,2
24,4
24,5
25,2
25,4
26,1
26,3
26,4
27,1
27,3
27,4
27,6
27,7
28,1
28,2
28,4
29,2
29,3
29,5
29,6
29,10
29,11
29,13
29,14
29,16
29,17
29,19
29,21
29,22
29,24
29,25
29,27
29,29
29,30
29,32
29,33
29,35
29,37
29,64
29,66
29,67
29,69
29,70
29,72
29,74
29,75
29,77
29,78
29,80
29,82
29,83
29,85
29,86
29,88
29,89
29,91
29,93
29,94
29,96
29,97
29,99
30,1
30,2
30,4
30,5
31,2
7,3
31,3
31,5
31,7
31,8
0,45
0,48
0,46
0,0
0,6
0,47
0,49
31,9
31,6
31,4
31,1
30,3
29,100
29,98
29,95
29,92
29,90
29,87
29,84
29,81
29,79
29,76
29,73
29,71
29,68
29,65
29,36
29,34
29,31
29,28
29,26
29,23
29,20
29,18
29,15
29,12
29,7
29,4
29,1
28,3
27,8
27,5
27,2
26,5
26,2
25,3
25,1
24,3
23,5
23,2
22,5
22,2
21,4
21,2
20,5
20,2
2,44
2,43
2,42
2,41
2,40
2,39
2,38
2,37
2,36
2,35
2,34
2,33
2,32
2,31
2,30
2,29
2,28
2,27
2,26
2,25
2,24
2,23
2,22
2,21
2,20
2,19
2,18
2,17
2,16
2,15
2,14
2,13
2,12
2,11
2,10
2,9
2,8
2,7
2,6
2,5
2,4
2,3
2,2
2,0
1,45
1,44
1,43
1,42
1,41
1,40
1,39
1,38
1,37
1,36
1,35
1,34
1,33
1,32
1,31
1,30
1,29
1,28
1,27
1,26
1,25
1,24
1,23
1,22
1,21
1,20
1,19
1,18
1,17
1,16
1,15
1,14
1,13
1,12
1,11
1,10
1,9
1,8
1,7
1,6
1,5
1,4
1,3
1,2
1,0
0,12
0,11
0,10
0,9
0,8
0,5
0,7
0,4
0,3
31,0
30,0
29,0
28,0
27,0
26,0
25,0
24,0
23,0
22,0
21,0
20,0
19,0
18,0
17,0
16,0
15,0
14,0
13,0
12,0
11,0
10,0
9,0
8,0
